Object 1
Coco-Pops
7
0.160302 0.000355962 6.15514e-07 4.69682e-09 -2.33056e-16 -8.52933e-11 -1.77845e-16
0.162542 0.000867544 1.32509e-05 1.08576e-07 -1.30234e-13 -3.00105e-09 -1.08457e-13
0.160244 0.000222659 2.7533e-05 5.50996e-08 1.40195e-14 4.31273e-10 -3.73566e-14
0.163867 0.00141549 1.90503e-06 1.54347e-08 -7.55859e-16 -4.50454e-10 -2.26333e-15
0.162782 0.000987965 1.01838e-05 1.91222e-07 2.62874e-13 4.7856e-09 4.60802e-14
0.16028 0.000279399 1.14262e-05 1.42059e-08 2.20436e-15 4.92144e-12 -6.32183e-16
0.160036 0.000128847 9.9746e-06 1.32484e-08 -3.95267e-15 -1.41149e-10 -4.67433e-15
Object 2
Groundnut
4
0.244236 0.0316587 0.000166787 3.28171e-05 2.34363e-09 5.17878e-06 -2.14172e-09
0.231166 0.0267793 0.000150406 3.28115e-05 1.85313e-09 3.09244e-06 -2.04865e-09
0.228196 0.026016 8.09458e-05 2.08494e-05 7.73286e-10 2.51019e-06 8.55818e-10
0.239297 0.0307422 6.70624e-05 9.75335e-06 6.67407e-11 1.11584e-07 -6.07178e-11
Object 3
Cubuk
4
0.471192 0.193243 0.000635115 6.90156e-05 -1.43944e-08 -3.03359e-05 -1.44437e-08
0.473366 0.197362 0.000351219 0.000139994 2.95977e-08 4.76364e-05 2.77494e-08
0.485809 0.207824 5.88193e-05 1.42186e-05 3.08262e-10 3.29394e-06 -1.6501e-10
0.462322 0.185858 0.00103384 0.000630343 5.05492e-07 0.000245378 4.34026e-07
