Object 1
0.160246 0.000328643 8.92994e-07 8.90387e-09 1.39094e-16 -4.5872e-11 7.9359e-16
Object 2
0.162189 0.000723662 1.0574e-05 6.35232e-08 -5.19923e-14 -1.5519e-09 -4.90346e-14
Object 3
0.238938 0.029128 0.000154061 2.70543e-05 1.62333e-09 3.82651e-06 -1.31247e-09
Object 4
0.159974 0.000169715 1.94244e-05 4.4748e-08 3.72058e-14 5.11058e-10 -4.03992e-14
Object 5
0.394046 0.126964 0.000464885 5.01127e-05 -7.06029e-09 -1.66476e-05 -6.11075e-09
Object 6
0.225915 0.0244745 0.00012265 2.49987e-05 1.07186e-09 2.15505e-06 -1.25578e-09
Object 7
0.221691 0.0231736 6.42258e-05 1.51999e-05 4.20231e-10 1.67835e-06 4.74855e-10
Object 8
0.163141 0.00115693 1.25287e-06 1.11538e-08 7.22975e-16 -7.91745e-11 1.6151e-16
Object 9
0.406286 0.138439 0.000260535 7.32397e-05 8.59388e-09 1.54247e-05 1.00713e-08
Object 10
0.230966 0.0269649 5.59764e-05 7.53295e-06 2.85621e-11 -3.00276e-09 -2.05259e-11
Object 11
0.416713 0.145626 3.38261e-05 8.46631e-06 1.20315e-10 2.19468e-06 -1.11743e-10
Object 12
0.162233 0.000895545 8.3744e-06 1.2033e-07 9.90544e-14 1.96308e-09 8.40689e-14
Object 13
0.409361 0.139904 0.000633134 0.000329681 1.48342e-07 0.000106654 1.10165e-07
Object 14
0.160078 0.000212536 9.82785e-06 6.55211e-09 -1.39029e-15 -7.26316e-11 1.47986e-15
Object 15
0.159793 0.000113901 9.35639e-06 9.95039e-09 -2.76232e-15 -1.02827e-10 -2.66068e-15
